EOSC573/bam211004.cnv
* Sea-Bird SBE25 Data File:
* FileName = C:\Users\sbe25\Bamfield21_0363\hex\bam211004.hex
* Software Version 1.59
* Temperature SN = 4194
* Conductivity SN = 2155
* System UpLoad Time = Feb 17 2021 13:42:22
** Station: 3
** Depth:
** Latitude = 49 16.664 N
** Longitude = 123 08.357 W
** PDT (Time) = Feb 16 2021 11:34
** Cruise: Bamfield21
** Comments:
# nquan = 14
# nvalues = 16                          
# units = specified
# name 0 = scan: Scan Count
# name 1 = prSM: Pressure, Strain Gauge [db]
# name 2 = t090C: Temperature [ITS-90, deg C]
# name 3 = c0mS/cm: Conductivity [mS/cm]
# name 4 = wetStar: Fluorescence, WET Labs WETstar [mg/m^3]
# name 5 = xmiss: Beam Transmission, Chelsea/Seatech [%]
# name 6 = sbeox0V: Oxygen raw, SBE 43 [V]
# name 7 = par: PAR/Irradiance, Biospherical/Licor
# name 8 = sal00: Salinity, Practical [PSU]
# name 9 = sigma-é00: Density [sigma-theta, kg/m^3]
# name 10 = sbeox0ML/L: Oxygen, SBE 43 [ml/l], WS = 2
# name 11 = gsw_srA0: Reference Salinity [g/kg]
# name 12 = nbin: number of scans per bin
# name 13 = flag: flag
# span 0 =        493,       1074       
# span 1 =      1.000,      8.500       
# span 2 =     6.3424,     6.8814       
# span 3 =  27.164864,  28.250721       
# span 4 =     1.4131,     2.5047       
# span 5 =    72.0824,    87.5669       
# span 6 =     2.2078,     2.3270       
# span 7 = 7.5117e+01, 1.1915e+03       
# span 8 =    26.7143,    27.4570       
# span 9 =    20.9751,    21.4978       
# span 10 =     5.9803,     6.5061      
# span 11 =    26.8403,    27.5865      
# span 12 =          4,        277      
# span 13 = 0.0000e+00, 0.0000e+00      
# interval = decibars: 0.5              
# start_time = Feb 16 2021 12:29:39 [Instrument's time stamp, header]
# bad_flag = -9.990e-29
*END*
        493      1.000     6.3464  27.164864     1.4362    85.5483     2.3270 1.1915e+03    26.7143    20.9751     6.5061    26.8403        277 0.0000e+00
        641      1.500     6.3424  27.166841     1.4131    87.5669     2.3220 9.0351e+02    26.7194    20.9796     6.4892    26.8454          5 0.0000e+00
        645      2.000     6.3456  27.177684     1.4399    87.1972     2.3217 6.7666e+02    26.7284    20.9863     6.4873    26.8545          4 0.0000e+00
        649      2.500     6.3456  27.183151     1.4682    86.7655     2.3206 5.8047e+02    26.7341    20.9908     6.4835    26.8602          5 0.0000e+00
        654      3.000     6.3460  27.187974     1.5119    86.6181     2.3196 4.8228e+02    26.7389    20.9945     6.4798    26.8650          4 0.0000e+00
        658      3.500     6.3509  27.200492     1.5700    86.5909     2.3177 4.1810e+02    26.7483    21.0014     6.4709    26.8744          4 0.0000e+00
        662      4.000     6.3800  27.268635     1.6323    86.3403     2.3125 3.1890e+02    26.7990    21.0380     6.4427    26.9253          5 0.0000e+00
        667      4.500     6.4092  27.320746     1.7028    86.2098     2.3024 2.4384e+02    26.8322    21.0609     6.3987    26.9587          4 0.0000e+00
        671      5.000     6.4789  27.451310     1.7696    85.6062     2.2907 2.2168e+02    26.9182    21.1208     6.3427    27.0451          5 0.0000e+00
        676      5.500     6.5761  27.638623     1.8637    84.6116     2.2780 1.9572e+02    27.0433    21.2081     6.2792    27.1708          5 0.0000e+00
        680      6.000     6.6152  27.726872     1.8904    82.6158     2.2700 1.8268e+02    27.1071    21.2539     6.2445    27.2350          4 0.0000e+00
        812      6.500     6.6560  27.815371     2.3623    80.3679     2.2336 1.5083e+02    27.1699    21.2985     6.1158    27.2980        180 0.0000e+00
        942      7.000     6.6746  27.832796     2.3062    80.7963     2.2349 1.2035e+02    27.1736    21.2993     6.1120    27.3018          5 0.0000e+00
        954      7.500     6.7727  28.033561     2.3818    78.7515     2.2237 1.0195e+02    27.3111    21.3959     6.0545    27.4399         27 0.0000e+00
        999      8.000     6.8543  28.195300     2.5047    75.4988     2.2105 8.5746e+01    27.4195    21.4715     5.9945    27.5488         48 0.0000e+00
       1074      8.500     6.8814  28.250721     2.4622    72.0824     2.2078 7.5117e+01    27.4570    21.4978     5.9803    27.5865         40 0.0000e+00
