EOSC573/bam211001.cnv
* Sea-Bird SBE25 Data File:
* FileName = C:\Users\sbe25\Bamfield21_0363\hex\bam211001.hex
* Software Version 1.59
* Temperature SN = 4194
* Conductivity SN = 2155
* System UpLoad Time = Feb 17 2021 13:23:36
** Station: 1
** Depth: 9.8 m
** Latitude = 49 16.463 N
** Longitude = 123 06.413 W
** PDT (Time) = Feb 16 2021 09:06
** Cruise: Bamfield21
** Comments:
# nquan = 14
# nvalues = 17                          
# units = specified
# name 0 = scan: Scan Count
# name 1 = prSM: Pressure, Strain Gauge [db]
# name 2 = t090C: Temperature [ITS-90, deg C]
# name 3 = c0mS/cm: Conductivity [mS/cm]
# name 4 = wetStar: Fluorescence, WET Labs WETstar [mg/m^3]
# name 5 = xmiss: Beam Transmission, Chelsea/Seatech [%]
# name 6 = sbeox0V: Oxygen raw, SBE 43 [V]
# name 7 = par: PAR/Irradiance, Biospherical/Licor
# name 8 = sal00: Salinity, Practical [PSU]
# name 9 = sigma-é00: Density [sigma-theta, kg/m^3]
# name 10 = sbeox0ML/L: Oxygen, SBE 43 [ml/l], WS = 2
# name 11 = gsw_srA0: Reference Salinity [g/kg]
# name 12 = nbin: number of scans per bin
# name 13 = flag: flag
# span 0 =        455,        712       
# span 1 =      1.000,      9.000       
# span 2 =     6.0061,     8.2760       
# span 3 =  25.769629,  30.332549       
# span 4 =     1.4476,     3.3115       
# span 5 =    67.4212,    87.4718       
# span 6 =     1.2831,     2.2811       
# span 7 = 2.3021e+01, 4.6713e+02       
# span 8 =    25.4632,    28.5298       
# span 9 =    20.0262,    22.1597       
# span 10 =     2.6403,     6.4555      
# span 11 =    25.5833,    28.6643      
# span 12 =         10,        250      
# span 13 = 0.0000e+00, 0.0000e+00      
# interval = decibars: 0.5              
# start_time = Feb 16 2021 10:01:21 [Instrument's time stamp, header]
# bad_flag = -9.990e-29
*END*
        455      1.000     6.0061  25.769629     1.4476    85.7805     2.2811 4.6713e+02    25.4632    20.0262     6.4555    25.5833        250 0.0000e+00
        558      1.500     6.0672  26.241169     1.5873    87.4718     2.2751 3.6909e+02    25.9287    20.3866     6.4031    26.0510         10 0.0000e+00
        565      2.000     6.1013  26.382979     1.7214    87.0220     2.2687 2.7648e+02    26.0565    20.4837     6.3663    26.1793         10 0.0000e+00
        576      2.500     6.1844  26.664385     1.8203    86.8324     2.2473 2.3371e+02    26.2974    20.6646     6.2648    26.4215         10 0.0000e+00
        586      3.000     6.4114  27.266940     1.9311    86.7719     2.2258 1.9578e+02    26.7726    21.0137     6.1293    26.8988         11 0.0000e+00
        597      3.500     6.6539  27.675815     2.0913    87.2255     2.1736 1.5276e+02    27.0226    21.1828     5.8979    27.1500         10 0.0000e+00
        607      4.000     6.7454  27.837122     2.2315    85.5500     2.1638 1.2867e+02    27.1235    21.2516     5.8609    27.2514         10 0.0000e+00
        617      4.500     6.6662  27.791071     2.2243    84.3458     2.1728 1.1461e+02    27.1365    21.2711     5.9032    27.2645         11 0.0000e+00
        628      5.000     6.7132  27.865248     2.3114    82.4380     2.1606 1.0899e+02    27.1787    21.2988     5.8441    27.3069         11 0.0000e+00
        638      5.500     6.8359  28.029304     2.4586    80.9748     2.1395 9.8377e+01    27.2572    21.3461     5.7526    27.3857         10 0.0000e+00
        648      6.000     6.8678  28.100632     2.5050    78.9479     2.1240 8.4586e+01    27.3081    21.3823     5.6915    27.4369         10 0.0000e+00
        658      6.500     6.9629  28.257555     2.6052    77.5347     2.0925 7.3733e+01    27.4001    21.4433     5.5542    27.5293         10 0.0000e+00
        668      7.000     7.1555  28.469450     2.6400    76.1669     2.0115 6.1923e+01    27.4725    21.4767     5.2358    27.6020         10 0.0000e+00
        678      7.500     7.4309  28.860390     2.9511    75.3810     1.9161 5.1390e+01    27.6676    21.5957     4.8708    27.7981         10 0.0000e+00
        689      8.000     7.5542  29.072209     3.0546    74.4059     1.7831 4.0324e+01    27.7926    21.6781     4.3752    27.9237         11 0.0000e+00
        699      8.500     7.9968  29.831716     3.3115    70.6400     1.5357 2.9175e+01    28.2337    21.9657     3.4684    28.3669         10 0.0000e+00
        712      9.000     8.2760  30.332549     3.1694    67.4212     1.2831 2.3021e+01    28.5298    22.1597     2.6403    28.6643         17 0.0000e+00
